forthcoming
forthcoming
2020
manuscript
manuscript
forthcoming
forthcoming
manuscript
2020
forthcoming
forthcoming
2016
forthcoming
2020
2019
2019
2018
2019
2019
2014
2018
2019
2019
forthcoming
2015
2014
forthcoming
2018
2018
2018
2020
2018
2018
forthcoming
2019
forthcoming
2017
2018
2020
2018
1999
2017
2014
2016
2017
2017
2015
2017
1993
1993
2008
1974
1974
1978
1976
1981
1980
2013
2015
2016
2016
2016
2016
2015
manuscript
unknown
1967
2016
1971
2005
2008
2008
2008
2005
2005
2008
2006
2010
2010
2008
2006
2005
unknown
1971
2016
unknown
unknown
2015
2009
2010
2003
2003
2007
2001
2005
1989
manuscript
2015
unknown
2015
2016
2016
manuscript
2015
unknown
2009
2007
2015
unknown
unknown
unknown
unknown
2015
2012
2015
2014
unknown
2015
2015
2015
2001
2000
2003
2010
1993
1993
1998
1996
1999
1988
2000
1999
1982
1999
2000
1991
1995
1988
1989
2001
1983
2014
1972
1966
1961
1958
1961
1962
1978
1957
1965
1966
1969
1958
1966
1957
1962
1988
2014
2014
2014
2017
2015
2014
unknown
unknown
unknown
unknown
2001
1999
2002
2001
2008
2011
1967
2000
1991
2008
2011
1994
2008
2013
2006
2005
2013
2009
2014
2013
2012
2012
2012
2010
2005
2006
2012
2014
2000
1996
1996
2010
2012
2013
2014
1972
2006
2006
2006
2006
2011
2012
2011
1997
2005
2002
2012
2013
2013
2015
2010
2011
2012
2010
2013
2015
2013
2005
2004
2008
1991
2012
2012
2010
2013
1994
2013
2007
2012
2013
2012
2011
2011
2011
2011
1998
1992
1989
1989
1971
1965
1961
1955
2003
2011
2006
2000
2013
2013
2012
2011
2011
unknown
unknown
2005
1949
1958
1961
1987
2002
1986
1986
1990
1994
2008
2012
unknown
1996
1995
unknown
unknown
2012
unknown
2007
unknown
unknown
unknown
2013
unknown
unknown
unknown
unknown
unknown
unknown
unknown
unknown
2003
unknown
2013
unknown
unknown
2011
unknown
2008
1992
1998
2007
2006
1997
1937
2001
1976
2006
unknown
1999
2011
2010
2010
unknown
2012
1967
2012
1989
2009
2011
1998
1998
1986
1996
2006
manuscript
2007
1999
1999
1991
manuscript
1981
1991
1995
2008
1995
1977
manuscript
2004
2003
1994
1977
1989
1997
2000
1998
1986
1999
1993
1994
1993
1993
unknown
1999
manuscript
manuscript
1999
2003
1987
manuscript
manuscript
2000
unknown
manuscript
unknown
2001
1998
1991
2000
1992
2001
2000
2000
1996
1994
2003
1999
2006
manuscript
manuscript
1995
2004
2000
unknown
2000
unknown
unknown
unknown
1997
2003
1988
manuscript
unknown
2005
1995
2007
unknown
1998
1999
2009
2020
2020
2020
2020
forthcoming
forthcoming
forthcoming
manuscript
2019
forthcoming
2019
2019
2017
2018
2018
2018
2017
2017
2005
2016
2016
2016
2000
2017
2006
2010
2005
2009
2004
2016
2005
2015
2015
2016
2015
2000
2011
2009
2013
2012
2011
unknown
unknown
unknown
2001
2010
2001
1998
2001
2009
1999
1997
2001
2008
2002
2003
1995
1999
2003
2002
1991
2001
1992
2003
2010
2004
1983
unknown
2000
1994
unknown
1992
1999
2002
1997
2002
1998
unknown
unknown
2000
1992
1999
1999
2004
2001
2021
2018
manuscript
forthcoming
2019
2019
2004
2018
2018
2017
1992
2017
2001
2016
2017
2017
2016
2015
2014
2014
2014
2003
2006
2008
2015
2003
1991
2006
2014
2014
1999
1991
2009
2002
2013
2013
2013
2011
2012
2012
2012
2013
2010
2011
2011
2008
2003
1991
1990
2002
2008
1999
1991
1985
2008
1999
1999
2001
2004
forthcoming
2018
2014
2017
2017
2016
2015
2013
2012
2012
2012
2005
manuscript
1994
2002
2004
1996
1999
2000
1997
1990
1991
1991
1988
2009
2008
2009
2009
2006
2007
2007
1999
1994
2002
2006
2006
2002
manuscript
forthcoming
2020
1984/2014
forthcoming
2020
2020
forthcoming
2017
forthcoming
2020
2019
2019
forthcoming
2019
2017
2019
2001
2019
2019
2018
2018
2018
forthcoming
2019
forthcoming
2018
2018
2018
2018
2018
2017
2019
2017
2017
2016
2014
2010
2013
2017
2016
2017
1997
2017
2009
2013
2002
2015
2012
2014
2014
2014
2014
2008
2013
2009
2001
2013
2013
2013
2009
2013
2002
2012
2011
2011
2012
2011
2010
2009
2011
2000
1996
2000
2006
2002
2004
2006
forthcoming
forthcoming
2021
forthcoming
manuscript
2021
forthcoming
forthcoming
forthcoming
2020
2020
2020
forthcoming
forthcoming
manuscript
forthcoming
2020
2020
2006
forthcoming
2020
2020
2020
2017
forthcoming
2020
2019
2019
2019
2019
2019
2019
2019
forthcoming
forthcoming
2016
2019
forthcoming
2019
2018
2018
2019
2019
2013
2013
2019
unknown
2018
2018
2019
2020
unknown
2018
2020
2017
2017
2018
2018
2018
2018
2018
2019
2018
2018
forthcoming
2018
2018
2017
2016
2018
2017
unknown
2018
2018
2017
2017
2017
2017
2017
2017
2017
2017
2017
2017
2012
2010
2015
unknown
2017
2017
2017
2017
2004
1986
2017
2015
2005
2017
2017
2001
2016
2016
2015
2007
2015
2014
2014
2016
2016
2016
2016
2016
2016
2014
2015
2015
2014
unknown
2009
2013
2010
2009
2011
2007
2010
2016
2016
2016
2015
2015
2017
2016
2016
unknown
2012
2013
2016
2015
2015
2015
2015
2015
2015
2016
2016
1999
2001
1987
1999
2004
1998
2000
2015
2014
2012
2014
manuscript
2010
manuscript
2015
unknown
2014
2015
2008
2014
unknown
1987
unknown
2014
2014
2014
1991
2002
2014
2014
2013
2014
2003
1995
1996
1997
2012
2014
2002
2013
2003
1995
2007
2005
1997
2011
2013
2017
2013
2013
2013
2011
2013
2013
2004
2013
2013
2013
2006
2013
2013
2014
2013
2013
2013
2012
2013
2013
2012
2012
2012
2013
manuscript
2012
2012
2011
2006
2001
2012
2005
2011
2011
2011
2011
2013
1986
1994
2011
2010
2010
2004
unknown
2007
unknown
unknown
2011
2011
unknown
unknown
2005
2008
2010
unknown
2006
2011
2010
2009
2009
2009
2009
unknown
2001
2008
unknown
2004
unknown
1984
2004
1999
2005
2005
2009
2006
1971
1998
1991
1986
1998
manuscript
unknown
2007
2007
2008
2006
2005
2007
2008
1996
1987
2006
1995
unknown
2006
1986
2005
2009
2007
2009
1977
unknown
unknown
2002
1999
1998
2008
2004
2005
manuscript
2006
2006
2002
2008
2008
2021
2017
2021
2020
2020
2020
2020
manuscript
2007
2020
forthcoming
2017
2020
2020
2020
forthcoming
forthcoming
forthcoming
2020
2020
2020
2021
2020
2020
2020
2019
2018
2020
2020
2020
2020
forthcoming
2018
2019
2020
forthcoming
2020
2019
2019
2019
2019
2019
2019
2017
2019
2019
2019
2019
2019
2019
2019
2019
2019
2018
2019
forthcoming
2019
2019
2019
2019
2019
2018
2018
forthcoming
manuscript
unknown
2019
2019
2019
2016
2018
2017
2018
2018
2018
forthcoming
2019
2018
2018
2005
unknown
2018
2018
unknown
2018
2018
2018
2018
2018
2017
2017
2018
2017
forthcoming
2018
2019
2018
2012
2017
2017
2017
2017
2018
2017
2016
2017
unknown
unknown
2011
2005
2017
2017
2017
2017
2015
2017
2017
manuscript
2017
2017
2009
1990
2009
2000
2017
2014
2014
2008
2017
2016
2014
2018
1984
2004
2016
2017
2018
unknown
2008
unknown
unknown
2010
2012
2012
2014
2009
2015
2009
2008
unknown
2007
unknown
2015
2017
unknown
unknown
unknown
unknown
manuscript
unknown
2015
2014
2014
1977
2014
2013
2011
2015
forthcoming
2014
2016
unknown
2015
2015
2015
2015
2015
2015
unknown
2015
1989
1998
2001
1993
2010
2014
2014
2014
2014
2014
2014
2016
unknown
2014
2014
2014
unknown
unknown
2013
2012
1989
2000
2013
2010
2009
2008
1992
2009
2009
2009
forthcoming
2010
2014
2010
unknown
2010
2007
2008
2011
2013
2014
2013
2014
2013
2013
2013
2013
2005
2010
forthcoming
2013
2013
2013
2007
2012
2013
2012
2009
2009
2012
2012
unknown
2013
2013
2013
2011
2012
2012
2013
2012
2013
2012
2012
2012
2009
2012
2012
2012
2004
2011
2011
2012
2012
2012
2009
2011
2012
2011
2012
2011
2011
2011
2009
1983
1986
2011
2006
unknown
unknown
2011
2008
2011
2005
2010
1994
2010
2007
unknown
2011
2010
2011
2011
2010
2010
2009
1996
2012
2006
2006
2007
2005
2002

1983
2008
2008
2007
2000
unknown
unknown
1998
2004
unknown
2004
2003
2005
2007
2004
manuscript
2004
2008
2007
2004
2008
1987
2002
2003
unknown
2009
1996
2002
1994
2009
2004
2008
unknown
2003
1998
1991
unknown
unknown
unknown
2005
2004
2005
2007
2007
1998
1997
2003
2008
2007
2004
1997
manuscript
2006
2003
2007
2008
2006
2016
2015
2012
forthcoming
forthcoming
2019
2020
forthcoming
forthcoming
2019
forthcoming
manuscript
forthcoming
2019
2019
forthcoming
2019
forthcoming
2017
1999
2012
2016
2016
2016
2016
unknown
2010
2015
2015
2015
unknown
2015
2012
2013
2013
1980
2014
2014
2014
2010
2007
2013
2013
2011
2010
2004
2010
2009
2014
2005
2012
2009
2014
2013
2013
2012
2012
2012
2012
2013
1986
2012
2013
2012
1956
2011
1990
1965
unknown
2001
2010
2010
2009
2009
2005
unknown
2005
2007
manuscript
2002
2010
2006
1972
2012
2002
2020
forthcoming
2019
manuscript
2018
2018
2017
2016
2015
2014
2013
2013
2012
2012
2011
2010
1994
1999
2008
2005
2006
2021
2020
forthcoming
forthcoming
2020
forthcoming
2020
2019
forthcoming
2019
2019
2019
2018
forthcoming
2018
2016
2020
2018
2020
2019
2018
2017
2018
2017
2018
2018
2018
2018
2018
2015
2017
2016
2017
2017
2013
2016
2016
2014
2016
2006
2006
2010
2017
2017
2008
2003
2015
2016
2015
2017
2014
2014
2016
2009
2013
2014
2012
2013
2014
2014
2012
2011
2012
2014
2013
2005
2005
2004
2005
2005
2004
2007
2004
2008
manuscript
2004
2002
2003
2001
2011
2012
2007
2004
forthcoming
forthcoming
forthcoming
2020
2021
forthcoming
2021
2021
forthcoming
2020
manuscript
2020
manuscript
manuscript
forthcoming
manuscript
forthcoming
2019
forthcoming
2019
2019
2020
forthcoming
2020
2019
2019
forthcoming
2019
forthcoming
2019
2019
forthcoming
2019
2019
2019
manuscript
2019
2014
2014
2019
2019
2019
forthcoming
2020
2019
2019
2019
2019
forthcoming
2018
2018
2018
2018
2018
2019
forthcoming
2018
2017
2018
2018
manuscript
2016
2012
2017
2015
2018
2017
2017
2016
2019
2017
2010
2016
2017
2019
2016
2013
2017
2013
2018
2017
2016
2017
2017
manuscript
2007
2003
2017
2016
2016
2016
2016
2016
2017
2018
2015
2010
2009
2005
2016
unknown
2015
2015
2015
forthcoming
2015
2016
2016
2015
2015
2014
2015
2015
2015
2015
2015
2015
2015
2015
forthcoming
2017
manuscript
forthcoming
2014
2006
2005
2015
2015
2015
2014
2014
2014
2014
2014
forthcoming
manuscript
2013
2012
2013
2014
2014
2013
2014
2013
forthcoming
2014
2013
2013
2013
2013
manuscript
2012
2009
2011
2011
2011
2012
2004
2011
forthcoming
1988
2006
2010
2012
2010
2010
unknown
2004
2003
2011
2010
2010
2010
2011
2006
2012
2010
2012
1973
2010
2011
1996
2008
2007
1993
1989
1998
2002
2007
2012
2009
2008
1972
2005
1992
manuscript
1998
2010
2008
2004
2007
2007
2004
2003
1983
2009
2003
2006
1997
2010
2003
1974
1990
2011
